v 1 4.3757908 50.8162023
v 2 4.377943 50.8136506
v 3 4.3816788 50.8108726
v 4 4.3850977 50.8205049
v 5 4.3897114 50.8156269
v 6 4.3900411 50.8155842
v 7 4.3900833 50.8157629
v 8 4.3842294 50.8137898
v 9 4.3898279 50.8158159
v 11 4.3916416 50.8163688
v 10 4.3823478 50.816395
v 12 4.3922141 50.8168052
v 13 4.3777777 50.8135679
v 14 4.3816293 50.8203154
v 16 4.3958431 50.8179738
v 15 4.3824507 50.8197436
v 17 4.3780146 50.8165622
v 18 4.3793353 50.8183702
v 19 4.3864061 50.8211522
v 20 4.3865937 50.821044
v 21 4.3768084 50.8151637
v 22 4.3763508 50.8174887
v 24 4.376644 50.8181592
v 25 4.3773366 50.8181435
v 23 4.3822629 50.819878
v 26 4.3773581 50.8180936
v 28 4.3786728 50.8141014
v 29 4.3833571 50.8191228
v 27 4.3776381 50.8182279
v 30 4.3802363 50.8177157
v 32 4.3865388 50.8195118
v 33 4.3875676 50.8199983
v 31 4.385856 50.819983
v 34 4.3896065 50.8211367
v 35 4.3803011 50.8151205
v 36 4.3838118 50.8149916
v 38 4.381422 50.8169687
v 37 4.3844826 50.8183488
v 39 4.3858024 50.8180036
v 40 4.3884587 50.8174324
v 41 4.3835594 50.8157003
v 43 4.38699 50.8169711
v 42 4.3852991 50.8176352
v 44 4.3843314 50.815172
v 45 4.3850422 50.8154798
v 47 4.3874068 50.8154665
v 46 4.3866101 50.8153456
v 48 4.3886195 50.8152235
v 49 4.3873473 50.8188693
v 50 4.3883099 50.8192499
v 52 4.3906313 50.8201742
v 51 4.3893661 50.8196671
v 53 4.3768301 50.8205262
v 56 4.3903308 50.8139644
v 54 4.3900366 50.8145974
v 55 4.3884251 50.8141734
v 57 4.3909118 50.8134172
v 58 4.3925353 50.8180433
v 60 4.3913967 50.8130124
v 59 4.3936927 50.8171438
v 62 4.3909412 50.8130012
v 61 4.3909836 50.8129078
v 63 4.3925061 50.8132831
v 64 4.3938593 50.8136319
v 65 4.3941239 50.8131859
v 66 4.394442 50.8126029
v 67 4.3931117 50.8122935
v 68 4.3922684 50.8120799
v 69 4.3910271 50.8125431
v 71 4.3894515 50.812272
v 70 4.3892062 50.8127734
v 72 4.3917369 50.8115797
v 73 4.3881351 50.8127074
v 74 4.3876164 50.8134292
v 75 4.3875012 50.8138451
v 76 4.3869398 50.814601
v 77 4.3970654 50.8131466
v 79 4.3941274 50.8101448
v 80 4.3853889 50.8120056
v 78 4.3976338 50.811156
v 81 4.3858444 50.8112614
v 82 4.3864822 50.8104986
v 84 4.3860926 50.8058425
v 83 4.3785465 50.8183784
v 86 4.3927578 50.812869
v 85 4.3858784 50.8058174
v 87 4.3842568 50.8152412
v 89 4.3775258 50.8133211
v 90 4.394129 50.8173025
v 88 4.378021 50.8117265
v 91 4.3954806 50.8182723
v 92 4.3920325 50.8165412
v 94 4.3764929 50.8155369
v 93 4.3822697 50.8164456
v 95 4.3765043 50.8152961
v 96 4.3769192 50.8152994
v 97 4.37721 50.8156507
v 98 4.3917389 50.8219112
v 99 4.3775301 50.8132213
v 100 4.3820287 50.8162202
v 102 4.3849504 50.818185
v 101 4.3820466 50.8163733
v 103 4.3830907 50.8159109
v 104 4.3837613 50.8158
v 105 4.3845146 50.8154024
v 106 4.3862716 50.8166478
v 108 4.3863009 50.8167196
v 109 4.3879224 50.8148696
v 107 4.3861523 50.816664
v 110 4.387798 50.8148924
v 112 4.3878357 50.8149714
v 111 4.3879525 50.8149538
v 113 4.3881874 50.8174805
v 114 4.3926797 50.8118267
v 115 4.3793963 50.8103691
v 116 4.3781104 50.8166025
v 117 4.3794998 50.8182321
v 118 4.3807378 50.8191817
v 120 4.3876366 50.8113533
v 119 4.3833731 50.8199741
v 121 4.3901664 50.8150369
v 123 4.3913209 50.8121314
v 122 4.3896774 50.8117933
v 124 4.3885765 50.8098413
v 125 4.3879802 50.8107436
v 126 4.388021 50.8107627
v 127 4.3878774 50.8107775
v 129 4.3879296 50.8108407
v 128 4.3880312 50.8108092
v 130 4.3886458 50.8115795
v 131 4.387033 50.8124129
v 132 4.3870649 50.8124252
v 134 4.387081 50.8124911
v 133 4.3869202 50.8124512
v 135 4.3869827 50.812518
v 136 4.3857131 50.8141452
v 137 4.3855485 50.8141696
v 138 4.3857458 50.8142358
v 140 4.3860092 50.8102684
v 139 4.3855814 50.8142592
v 141 4.3779024 50.8164816
v 143 4.3778908 50.8166819
v 144 4.3835415 50.8154118
v 142 4.3779581 50.8166354
v 145 4.3911544 50.8223302
v 146 4.3858196 50.8113563
v 148 4.383975 50.8147118
v 149 4.3837575 50.8151097
v 147 4.3843803 50.8134755
v 151 4.3849152 50.8139708
v 150 4.3841619 50.8140569
v 152 4.3969322 50.8103321
v 154 4.3775589 50.8188489
v 155 4.3841756 50.8139974
v 153 4.3783354 50.8192376
v 156 4.3818562 50.8166938
v 157 4.3838596 50.8150387
v 158 4.3833842 50.8155941
v 159 4.3834233 50.815647
v 160 4.3777506 50.8182905
v 161 4.3776985 50.8182616
v 164 4.3891752 50.8129038
v 162 4.3786729 50.8184346
v 163 4.3788252 50.8185024
v 166 4.3892757 50.8128489
v 168 4.3861791 50.81674
v 165 4.3890653 50.8128321
v 167 4.3891467 50.812902
v 169 4.3861389 50.8166994
v 170 4.3853578 50.8155132
v 171 4.3853155 50.8154112
v 172 4.3863623 50.8153134
v 173 4.3863917 50.8154137
v 174 4.3845344 50.8203102
v 175 4.3817885 50.8195816
v 176 4.3903216 50.8104817
v 177 4.392855 50.809922
v 178 4.3899837 50.8111415
v 179 4.3898448 50.8111855
v 180 4.3899202 50.8112725
v 181 4.3900512 50.8112278
v 184 4.3921308 50.8186831
v 182 4.3898998 50.8112677
v 183 4.38922 50.8214987
e 185 17 141e 187 30 38e 186 117 30e 188 38 156e 189 5 48e 190 48 111e 191 9 5e 193 17 28e 192 92 59e 194 2 13e 195 2 28e 196 28 35e 197 35 100e 198 17 35e 199 93 101e 200 101 17e 203 37 32e 202 38 37e 201 29 30e 204 40 9e 205 39 102e 206 39 49e 207 43 48e 208 4 31e 209 31 32e 210 32 49e 212 157 44e 213 46 173e 211 49 40e 214 173 170e 215 170 45e 216 20 33e 218 52 51e 219 51 50e 217 32 33e 220 50 49e 222 11 50e 221 51 12e 223 50 33e 224 58 59e 225 83 162e 226 26 27e 227 27 25e 228 25 26e 229 18 117e 230 7 11e 231 167 55e 233 105 87e 232 55 109e 234 46 47e 235 24 25e 236 160 83e 237 23 15e 239 55 54e 240 121 54e 238 15 29e 242 75 74e 243 74 75e 241 54 56e 244 165 73e 245 73 134e 247 65 64e 248 63 86e 246 66 65e 249 86 67e 250 86 65e 252 68 67e 251 69 71e 253 67 66e 255 147 80e 254 66 78e 257 146 81e 256 80 146e 259 146 82e 260 82 127e 258 81 140e 261 92 12e 263 3 80e 262 12 58e 265 61 69e 264 61 60e 268 72 177e 266 69 123e 267 123 72e 270 171 172e 269 45 171e 271 172 46e 273 74 73e 274 103 158e 272 75 76e 275 33 34e 277 13 85e 278 97 94e 276 95 13e 279 1 17e 280 65 65e 281 3 2e 282 100 101e 284 104 107e 283 104 41e 286 110 109e 285 105 45e 287 109 111e 288 110 76e 290 112 47e 289 76 138e 291 70 71e 292 71 122e 293 122 180e 295 60 68e 294 114 79e 296 68 114e 297 114 152e 298 87 41e 299 99 88e 300 13 89e 301 88 115e 303 17 116e 304 130 130e 302 23 14e 305 130 120e 306 22 143e 307 96 97e 308 122 123e 309 124 125e 310 129 120e 311 120 131e 312 135 136e 313 128 179e 314 133 80e 315 126 128e 316 128 129e 317 129 127e 319 125 126e 318 127 125e 320 132 134e 321 134 135e 323 133 131e 322 135 133e 324 131 132e 327 137 136e 325 139 44e 326 137 151e 329 53 153e 330 153 18e 328 136 138e 331 40 113e 333 16 98e 332 113 39e 334 19 23e 335 23 18e 336 141 97e 337 117 118e 340 47 106e 338 143 142e 339 10 103e 342 142 17e 343 144 149e 344 149 36e 341 89 99e 345 151 8e 346 111 112e 348 5 6e 347 138 139e 349 59 90e 350 184 52e 351 52 34e 352 34 183e 354 6 7e 353 145 91e 355 31 29e 357 37 102e 356 29 37e 359 63 60e 358 64 63e 360 66 77e 361 139 137e 362 148 150e 363 57 62e 365 153 154e 364 62 61e 366 155 8e 368 93 10e 369 93 156e 367 8 155e 370 156 93e 371 149 157e 372 158 144e 375 157 159e 373 159 158e 374 148 157e 377 44 87e 376 36 148e 378 159 103e 380 112 110e 381 57 60e 379 41 159e 383 147 8e 382 7 9e 384 8 147e 385 161 160e 387 162 163e 386 27 161e 388 164 167e 390 165 70e 389 167 165e 391 70 166e 392 166 164e 393 62 166e 394 168 42e 395 108 43e 396 43 113e 397 169 107e 398 107 106e 400 108 168e 399 106 108e 401 168 169e 402 102 42e 403 170 171e 404 172 173e 405 100 10e 406 2 21e 408 118 175e 409 175 15e 407 84 3e 410 119 174e 412 116 117e 413 42 39e 411 15 119e 414 178 176e 415 18 143e 418 182 179e 417 72 114e 416 181 72e 419 179 178e 420 178 181e 421 181 180e 422 180 182e 423 150 155e 424 58 184e 426 6 121e 427 56 57e 425 11 92